v4 = [0:1:3, -10:2:-6]

%v4 =
%   0    1    2    3  -10   -8   -6

v4(3:6)

%ans =
%   2    3  -10   -8

v4(1:2:6)

%ans =
%4   0    2  -10

v4(1:2:5)

%ans =
%   0    2  -10