u = [10, 5, 0]; 

u.*u

%ans =
%   100    25     0

u.^2

%ans =
%   100    25     0

u.^3

%ans =
%   1000    125      0


v.^(-2)

%ans =
%  0.250000
%  0.062500
%  0.027778