D=[1:5;6:10;11:15]/2

%D =
% 0.50000   1.00000   1.50000   2.00000   2.50000
% 3.00000   3.50000   4.00000   4.50000   5.00000
% 5.50000   6.00000   6.50000   7.00000   7.50000

D'

%ans =
%   0.50000   3.00000   5.50000
%   1.00000   3.50000   6.00000
%   1.50000   4.00000   6.50000
%   2.00000   4.50000   7.00000
