A=[12 30
   42 15
   -3 -7]

%A =
%   12   30
%   42   15
%   -3   -7

