B=[9 8; 7 6; 5 4]

%B =
%   9   8
%   7   6
%   5   4

C=[1:3;4:6;7:9]

%C =
%   1   2   3
%   4   5   6
%   7   8   9
